25410
11614
1963
29430
10133
26338
25624
7800
10075
9591
7633
14894
28506
23383
23005
4496
11152
12769
18527
1387
30061
7554
27548
2137
14235
16781
22244
16913
4389
21673
21237
1656
31459
6730
11245
31860
26786
1525
19078
28319
22150
9652
1611
29318
23516
6801
18822
12385
32240
26026
18866
4661
2666
1230
8009
16165
18519
31853
30421
26706
6814
9020
3651
31835
27088
5081
15232
11549
8391
2360
261
11776
20772
21003
7013
22467
28604
16909
3430
20412
358
1107
11186
30633
9364
5782
2957
10801
15698
31174
5382
6414
4660
17061
13347
5503
28854
1793
9766
18284
19299
1797
224
8375
30926
26455
11138
12006
18717
25293
18303
11269
21227
3399
28518
24556
11609
25708
9323
18218
18371
32276
11050
4471
17789
20591
23716
23327
31890
32335
6270
8647
19749
25636
21400
18707
8166
25783
22698
23710
12120
3326
21919
25820
19545
10086
30523
28779
14993
16150
28843
2351
12922
16088
2441
22330
19379
11144
10056
5234
8844
27336
14869
22267
13915
27805
30121
18382
28970
9416
28509
25774
8839
3790
11669
28155
8395
9443
1222
3147
24811
6833
360
3979
9153
5311
11575
12196
2206
5472
32362
14817
12147
28277
31288
19850
30411
25717
27726
28144
12752
406
12853
25972
18932
17816
8668
3827
5677
2758
20985
21582
26450
18811
13533
16799
24531
8713
12480
4664
17292
8122
32529
26399
23945
23557
771
30967
20588
31915
29979
29060
4397
15427
3772
24858
5765
1478
6187
20473
77
28347
19154
16974
4319
20210
32730
21106
24274
20648
30226
10275
15100
1404
18975
30878
1575
7701
5453
2709
18677
23453
20003
27753
4534
32189
10425
18102
27038
11403
26798
6577
25249
30370
15445
6508
2197
3742
25289
7513
18623
8328
19163
10949
10805
32686
9254
26725
31753
24834
31995
610
1191
567
31079
2397
29333
7935
31214
10028
27820
16556
7126
29236
1549
27975
4045
23025
31662
15225
15080
31539
4717
29944
27116
10442
2724
15106
7930
28149
18950
10440
3940
12023
3906
4369
7376
25228
7245
20997
9254
28388
31605
31904
18172
7669
29407
27904
14935
28370
30378
20760
19596
6709
21608
8646
476
19204
5161
18180
8472
25723
7954
11837
18536
32627
3417
4200
23584
5870
7738
12420
29825
31669
26563
26567
29684
27357
29190
14694
9943
3785
1749
16247
16457
21623
30573
24073
26861
27619
20627
14112
15174
9271
13745
7213
1653
15699
23080
13594
32237
28554
1854
15422
10828
14908
5306
3328
9597
20910
7562
6212
26197
13087
2935
32191
25761
15168
3194
31497
25779
30899
26878
22544
22660
29414
2709
27251
17140
20776
19252
29428
18827
31384
25723
32002
13721
6773
19594
11612
13797
31705
12597
24965
4820
30213
6971
27330
6099
30900
12445
14943
22007
8330
4759
14510
25878
11518
5468
914
17091
18141
10766
18723
14565
106
24202
23115
6204
19201
28647
27192
22160
24821
17364
16360
27792
8635
19327
8939
13700
18162
5643
23867
647
4737
4284
18676
25405
32130
12633
2421
5217
5414
14844
3010
12680
6006
5979
10409
5061
9145
8583
28318
1992
976
6686
20263
20136
11751
23804
18829
8143
4213
5307
14980
23340
18544
32752
15369
6885
28558
10092
26693
18281
28828
25571
28565
18696
31862
24528
11805
15028
12705
1957
10056
1352
25814
31774
16081
19122
12537
19433
29733
439
20763
2159
29692
31825
27787
23151
22780
21546
23123
12296
1501
11744
600
3347
6634
5069
18928
26661
660
4651
1368
29806
10135
29945
24837
19111
16013
15003
28617
15689
20272
6129
10202
4454
29957
16612
1087
32079
5504
20886
29176
2893
15873
23383
20549
8790
4999
19187
17861
12265
14713
24613
30459
11539
28912
15217
17237
17929
15093
21807
12865
29978
22788
24416
17194
14225
24707
3168
15075
21574
803
14422
27942
1496
27584
12610
14181
31434
6084
5127
12519
22155
32314
28429
29461
12379
27918
30244
23827
24347
579
15829
8494
5340
15877
3664
24626
13341
10240
14749
6833
8390
31594
17983
28628
29286
21011
5748
15003
26083
16084
31826
11397
31874
5318
31859
9403
17917
13405
555
8040
15069
13505
4032
22498
21553
6130
28039
32234
17406
32755
19426
8102
8591
23430
32548
25667
6697
22299
24898
28255
18667
26971
32708
26419
5169
27174
10863
14896
31941
3733
31843
800
29316
22645
12972
27010
7870
29667
30074
24033
14986
25291
12136
9074
